Var1

111001010100101010011110100100100001010101000100110011010100001111000001110
101001100110011000100101000011011101001001100111000100011110110100000001111
101100011101111011001000001111100111110100011100111100000101010101101011011
010001100011100011011100100101000000010011001011111110110000010011001000001
011010110110000010110101001011100001101011001110101111101101111011100101010
011010000111101001010011001101111111110000010010010001001000100101111100011
01111110000100001100111100111100011100011010011101

Var2

111110100111111000111100011000001000111111101010110010000000100101011001111
110000100010100101000100000100001100000001110010001011011101100000000000000
011101001001011000111111010111000010011110010111000111110111101111111010101
101110000001101101100001111101000100111010100100010111101110010110011100111
011000101101110010000011000001011010110101100011000110011110100101101001000
111001111011111101111000100100000110001111011101100101100111111111110101000
00111111001110001110111101100010010010011010010000

Var3

011010001010001011100100011001000010001000000100011111001000110010010110110
100010110111010100011000101000000100010111110011010101011110110001000111101
001101100110111000010101011010100111100000110001001101110110101111011001010
100111100010100110011001111100100000001101000111011100011100000101011010001
000101000001000111001110111111100101000010001010111111010110010010010101101
111111100000101111001111001001101101100010110111111011010100010101000110011
00110010011100010010000110110110101101110100010010

Var4

010010100011010001010110110110010011101101000110111011100010101000110000011
000000001001011001010110101010010001001010100010110011000010111011011010101
100100001001111110100000111101000010000111011111011001010111110011100100101
110111111011010101100001000010000101011100000110000000010101010110110010110
101111110010001001111110011000111110000001011001001000100011010100010000010
000111101011100100001110111101000101000111011100110101111010010101100111100
10000111110011110000001100101011111101000111010100

Var5

101101111000110010001101111011011111000100101011011000000110111001000010100
000110111100110100001100000001001110000101110001100110000111000011111111111
110110101111101101010100010010011010110010101111001100000100110010110000010
100100010000101101001010100011111101010001100001110110001111000000000100001
111101111000100101001110100100010000010101000001001001100001010111110000100
011111110111101100010001011010111111111010000001011000110000100111011110101
01110011010011010010000001011001011001100001011110

Var6

011110100101101100110111111111010001000001100000101011111100110010101111110
110100000100101001111110110000011010011111101001101011110111101011001100111
111101000011100001000001100101100001011001110000110001001110111100110000000
010000100100011010110011110010010110100111110111111001011101111010110110100
000111100001101001010111010111100111010001010000011110010010101110000011101
010110010100111110000010111101001111110001000001110011010100101111111100101
01001000100011101011000110101111001111111010100000

Var7

101101100110110010001110011101111011100010110100011100001011101100001001101
101010001110000101101101100100001101110010000100100010011000101101110111100
101001010100001000100011111100001010110100111000001100100101111101100010111
110100010000010000111110000101001001000101101101010010110111111100110110001
010100100110010010110001010011010101010001000111111001101011101100011001101
001011111001000101101100110011100001011001000001011011010101111000011110100
00101111101101100111001101011011110111011001111111

Var8

101110101110100011110100111110100010100111001110010000101010000011001000000
010010010100111101101101010000001010001101100010010010000001010101001101110
011001010010011011000100110101011000000000011100111011011000001000111001011
111101000000010101100010010110000010011110001101000101000111100110110011111
101110000001001110100100100001010010111000100010010111111111010110011100111
101011000111011010100001111001000110011011111111100010110011010001101100001
01101100111010011101001010010000111110001101110101

Var9

010111010001010010000000101000000100011000111111110111100100010110001110001
001011001111000110100011001011100011011001100101101101000100011010001010000
101101011000011101011110111100000100011011110001101111001001011011000010110
100111100101011111111001001001111000000000111101000000000110110111111010000
101010110001100011101110110010111001000110001001101111110001011010000001111
000010100111000110101101000111011111000011000110110000100111011001010000111
11110010000001000111010000100000111001000101111101

Var10

000000110010111111110100100010110001011111000011001010011110100011100001110
111010101111110101000101011100011110011000101110111100010001001011101111001
011011011100111101001110110001010011101100000010011001010001100010010011110
011110000001010000010010010110010001110011010101100011110110111111011000010
110001110101001011100011011001011110000101001101011111110001001111000000101
110100111101000000011010101110100000111011000100011010001001100000001011001
01101110000101000010100011111001100000101111001110

Var11

001110000001101000000110011111100111100010000110000101110100101110011000010
001011000011001101100111101001110111011101000111111110110100010001100000100
111100001100110000011111101001001110111001010010010001111011000110101111111
001011001110100011001001111101001100101100010100001010011111101110010110111
100011111101111100100110011000111111111110101100001011110011010111001011010
110111010110011110101011001101111101101111110100111111111000001010111101000
00100101111011101111100110011110100100001010001101

Var12

001101100011111010110000010010001010001000110100000110100110111101011010011
110110101100011110011010100101100011010010000100111101111001100001010010001
000111000010110100010110110110010011000010111011010000111100010000100101110
111111001111100001100011011111011101011010111011111001111011001110000010001
011000000001000000010101100101001011110101000010010110110100000111001000010
111110011000100100111000000000101101111000110100000101000011011101001010111
10101111011100000011001101111100010111101101111101

Var13

001010000100011000010011100000011110110111110111110000000000111000011111110
101101011000100101111100101001011010110000010111010111111100111110110100100
101000110111110110000000011011001010100000111100101111111001101111111001000
101010000110001101100000001001011110101010001010110111101110000010010101111
111000000010111100010110110100100011100111110010010010010110110001001111001
001101111011111100110100011110101010001011101110100000110101001101011100010
10001110011000111101111110010010010100011011011101

Var14

100001111110111101001001111001001110001101011001100101101000110000111011001
110001111000101100110101001101101011001111100110100111111100000010010011000
000010000110111100011110100101100000011111100010010011100110001110011011001
101010101100101110001101011010000101010111100010101001001010001010110010100
010110001010001001110101111011110011011111011001100001110110011000101011100
010000001000110011100001011011101001010011011100100001010001100011001101111
00010001100000010110111010010111011011111011000000

Var15

100100110001100000000101000000110010110111101100110101101010000001000110000
010000101000010010010010111100110001010000101111110010010100000010111111100
110100111110011010100011101111010110010100010000100010011110011111111001000
101000111100001100111010111111100001111001101100110011111100101000000010010
001010000101000100000101101110000011010000010011000011101011011100111101011
111010001010011101011001101001000010011000000001110101111110101111000011000
00011001000100001010100010000011111100011010101111

